id,danceability,energy,song_key,loudness,mode,speechiness,acousticness,instrumentalness,liveness,valence,tempo,duration_ms,time_signature,featured,cleaned_name,cleaned_artists,cleaned_artists_2,duration_s,duration_m
6DCZcSspjsKoFjzjrWoCd,0.75400000810623169,0.44900000095367432,7,-9.2110004425048828,1,0.10899999737739563,0.03319999948143959,8.2899998233187944E-5,0.55199998617172241,0.35699999332427979,77.168998718261719,198973,4,0,god's plan,drake,,198,3.32
3ee8Jmje8o58CHK66QrVC,0.74000000953674316,0.61299997568130493,8,-4.880000114440918,1,0.14499999582767487,0.25799998641014099,3.7199999205768108E-3,0.12300000339746475,0.47299998998641968,75.023002624511719,166606,4,0,sad!,xxxtentacion,,166,2.78
0e7ipj03S05BNilyu5bRz,0.58700001239776611,0.5350000262260437,5,-6.0900001525878906,0,8.9800000190734863E-2,0.11699999868869781,6.5599997469689697E-5,0.13099999725818634,0.14000000059604645,159.84700012207031,218147,4,1,rockstar,post malone,(feat. 21 savage),218,3.64
3swc6WTsr7rl9DqQKQA55,0.73900002241134644,0.55900001525878906,8,-8.0109996795654297,1,0.11699999868869781,0.57999998331069946,0,0.1120000034570694,0.43900001049041748,140.12399291992188,221440,4,1,psycho,post malone,(feat. ty dolla $ign),221,3.69
2G7V7zsVDxg1yRsu7Ew9R,0.83499997854232788,0.62599998712539673,1,-5.8330001831054688,1,0.125,5.8899998664855957E-2,5.999999848427251E-5,0.39599999785423279,0.34999999403953552,91.029998779296875,217925,4,0,in my feelings,drake,,217,3.63
7dt6x5M1jzdTEt8oCbisT,0.68000000715255737,0.56300002336502075,10,-5.8429999351501465,1,4.5400001108646393E-2,0.35400000214576721,0,0.13600000739097595,0.37400001287460327,145.02799987792969,231267,4,0,better now,post malone,,231,3.85
58q2HKrzhC3ozto2nDdN4,0.81599998474121094,0.72600001096725464,5,-3.997999906539917,0,0.1289999932050705,9.8999999463558197E-2,0,0.37200000882148743,0.64999997615814209,136.04800415039063,253390,4,0,i like it,cardi b,,253,4.22
7ef4DlsgrMEH11cDZd32M,0.79100000858306885,0.8619999885559082,9,-3.2400000095367432,0,0.10999999940395355,3.7000000476837158E-2,2.1899999410379678E-5,8.1399999558925629E-2,0.59200000762939453,123.99400329589844,214847,4,1,one kiss,calvin harris,(with dua lipa),214,3.58
76cy1WJvNGJTj78UqeA5z,0.83600002527236938,0.54400002956390381,7,-5.9749999046325684,1,9.4300001859664917E-2,4.0300000458955765E-2,0,8.2400001585483551E-2,0.50999999046325684,97.027999877929688,217947,4,0,idgaf,dua lipa,,217,3.63
08bNPGLD8AhKpnnERrAc6,0.62599998712539673,0.87999999523162842,9,-2.3840000629425049,0,5.0400000065565109E-2,0.20499999821186066,0,0.12800000607967377,0.5339999794960022,95.079002380371094,202621,4,0,friends,marshmello,,202,3.38
1rfofaqEpACxVEHIZBJe6,0.76499998569488525,0.52300000190734863,2,-4.3330001831054688,1,2.9999999329447746E-2,0.18400000035762787,3.5599998227553442E-5,0.13199999928474426,0.39399999380111694,104.98799896240234,217307,4,0,havana,camila cabello,,217,3.62
0s3nnoMeVWz3989MkNQiR,0.51099997758865356,0.56599998474121094,6,-7.2300000190734863,0,0.20000000298023224,0.34900000691413879,0,0.34000000357627869,0.21799999475479126,83.902999877929688,239836,4,0,lucid dreams,juice wrld,,239,4.00
3CA9pLiwRIGtUBiMjbZmR,0.58600002527236938,0.9089999794960022,8,-6.4739999771118164,1,7.0500001311302185E-2,8.9100003242492676E-2,1.0900000052060932E-4,0.11900000274181366,0.75700002908706665,93.393997192382813,210747,4,0,nice for what,drake,,210,3.51
7fa9MBXhVfQ8P8Df9OEbD,0.85100001096725464,0.54100000858306885,0,-6.8249998092651367,1,5.0500001758337021E-2,0.56800001859664917,0,0.12999999523162842,0.44800001382827759,124.95899963378906,235545,4,1,girls like you,maroon 5,(feat. cardi b),235,3.93
09IStsImFySgyp0pIQdqA,0.75300002098083496,0.65700000524520874,7,-3.0610001087188721,1,4.4900000095367432E-2,0.17100000381469727,0,0.1120000034570694,0.43700000643730164,107.01000213623047,184732,4,0,the middle,zedd,,184,3.08
3GCdLUSnKSMJhs4Tj6CV3,0.69800001382827759,0.63300001621246338,8,-4.9460000991821289,1,5.9700001031160355E-2,6.0499999672174454E-2,1.939999929163605E-4,9.2600002884864807E-2,0.55199998617172241,96.924003601074219,232187,4,1,all the stars,kendrick lamar,(with sza),232,3.87
2qT1uLXPVPzGgFOx4jtEu,0.69900000095367432,0.71299999952316284,9,-5.5069999694824219,0,5.9399999678134918E-2,3.9999999105930328E-2,3.1100000796868699E-6,0.29399999976158142,0.35400000214576721,121.99299621582031,205920,4,0,no tears left to cry,ariana grande,,205,3.43
39N9RPD9MRb5WmoLzNzPe,0.59500002861022949,0.77300000190734863,9,-4.7360000610351563,0,5.4900001734495163E-2,3.6400001496076584E-2,1.0799999581649899E-3,0.33399999141693115,0.71100002527236938,180.072998046875,173628,4,0,x,nicky jam,,173,2.89
0JP9xo3adEtGSdUEISisz,0.92100000381469727,0.53700000047683716,9,-5.7230000495910645,0,8.0399997532367706E-2,0.5559999942779541,4.0400000289082527E-3,0.10199999809265137,0.71100002527236938,128.00900268554688,135090,4,0,moonlight,xxxtentacion,,135,2.25
4qKcDkK6siZ7Jp1Jb4m0a,0.92199999094009399,0.58099997043609619,10,-7.494999885559082,1,0.27000001072883606,1.0400000028312206E-3,5.8599998737918213E-5,0.10499999672174454,0.59500002861022949,140.02200317382813,181263,4,1,look alive,blocboy jb,(feat. drake),181,3.02
5CLGzJsGqhCEECcpnFQA8,0.65299999713897705,0.80900001525878906,0,-4.0570001602172852,1,4.7400001436471939E-2,0.1940000057220459,0,0.16500000655651093,0.55000001192092896,92.212997436523438,210773,4,1,these days,rudimental,(feat. jess glynne, macklemore & dan caplen),210,3.51
3V8UKqhEK5zBkBb6d6ub8,0.90299999713897705,0.67500001192092896,11,-3.4449999332427979,0,0.21400000154972076,0.54199999570846558,1.2800000149582047E-5,0.05950000137090683,0.44200000166893005,96.507003784179688,417920,4,0,te bot? - remix,nio garcia,,417,6.97
7uzmGiiJyRfuViKKK3lVm,0.70999997854232788,0.78899997472763062,4,-3.874000072479248,1,7.2200000286102295E-2,1.6100000590085983E-2,2.770000037344289E-6,0.45100000500679016,0.71700000762939453,142.92900085449219,131064,4,0,mine,bazzi,,131,2.18
2iUXsYOEPhVqEBwsqP70r,0.59600001573562622,0.85399997234344482,7,-5.1139998435974121,0,0.46299999952316284,1.6899999231100082E-2,0,0.12399999797344208,0.15199999511241913,120.27400207519531,203418,4,0,youngblood,5 seconds of summer,,203,3.39
2xJCMIJfcNYDc5iR0sAm2,0.76200002431869507,0.69999998807907104,9,-6.0209999084472656,0,6.9399997591972351E-2,2.6100000832229853E-3,1.5600000551785342E-5,0.15299999713897705,0.60799998044967651,116.072998046875,209320,4,0,new rules,dua lipa,,209,3.49
7qiZfU4dY1lWllzX7mPBI,0.82499998807907104,0.65200001001358032,1,-3.1830000877380371,0,0.08020000159740448,0.58099997043609619,0,9.3099996447563171E-2,0.9309999942779541,95.976997375488281,233713,4,0,shape of you,ed sheeran,,233,3.90
45Egmo7icyopuzJN0oMEd,0.70800000429153442,0.64800000190734863,6,-5.625999927520752,1,4.4900000095367432E-2,9.5600001513957977E-2,0,0.13400000333786011,0.33799999952316284,143.95500183105469,201707,4,1,love lies,khalid,(with normani),201,3.36
4e4fqjx0Izh4svvTef1z7,0.64200001955032349,0.7720000147819519,10,-6.6100001335144043,1,8.4799997508525848E-2,4.7600001096725464E-2,0,6.4599998295307159E-2,0.58899998664855957,153.9949951171875,164205,4,1,meant to be,bebe rexha,(feat. florida georgia line),164,2.74
7m9OqQk4RVRkw9JJdeAw9,0.87199997901916504,0.39100000262260437,0,-9.1440000534057617,0,0.24199999868869781,0.46900001168251038,4.129999979340937E-6,0.29699999094009399,0.43700000643730164,134.02099609375,119133,4,0,jocelyn flores,xxxtentacion,,119,1.99
0tgVpDi06FyKpA1z0VMD4,0.59899997711181641,0.44800001382827759,8,-6.3119997978210449,1,2.3199999704957008E-2,0.16300000250339508,0,0.10599999874830246,0.1679999977350235,95.050003051757813,263400,3,0,perfect,ed sheeran,,263,4.39
5IaHrVsrferBYDm0bDyAB,0.88400000333786011,0.55900001525878906,0,-7.4419999122619629,1,0.11999999731779099,2.3600000888109207E-2,0,0.10100000351667404,0.34200000762939453,97.994003295898438,232959,4,1,taste,tyga,(feat. offset),232,3.88
6kPJZM97LwdG9QIsT7khp,0.7369999885559082,0.63599997758865356,11,-4.5460000038146973,0,4.3699998408555984E-2,4.4100001454353333E-2,6.6599997808225453E-5,0.34999999403953552,0.56499999761581421,105.00499725341797,222653,4,1,solo,clean bandit,(feat. demi lovato),222,3.71
75ZvA4QfFiZvzhj2xkaWA,0.5559999942779541,0.53799998760223389,8,-5.4079999923706055,0,3.8199998438358307E-2,0.06889999657869339,0,0.19599999487400055,0.29100000858306885,143.94999694824219,223347,4,0,i fall apart,post malone,,223,3.72
63SevszngYpZOwf63o61K,0.59200000762939453,0.69099998474121094,3,-8.3540000915527344,1,0.19599999487400055,0.15600000321865082,9.7800002549774945E-6,0.41800001263618469,7.9599998891353607E-2,99.975997924804688,156600,4,0,nevermind,dennis lloyd,,156,2.61
2hl6q70unbviGo3g1R7uF,0.72600001096725464,0.88899999856948853,0,-3.6549999713897705,1,4.2899999767541885E-2,3.2800000160932541E-2,0,9.2500001192092896E-2,0.64899998903274536,96.024002075195313,173720,4,0,?chame la culpa,luis fonsi,,173,2.90
0d2iYfpKoM0QCKvcLCkBa,0.56000000238418579,0.68000000715255737,6,-7.6479997634887695,0,0.32100000977516174,0.55500000715255737,0,0.11599999666213989,0.3190000057220459,89.390998840332031,173800,4,1,eastside,benny blanco,(with halsey & khalid),173,2.90
4eWQlBRaTjPPUlzacqEeo,0.63700002431869507,0.71299999952316284,0,-4.3330001831054688,1,7.4699997901916504E-2,0.1809999942779541,6.3700001919642091E-4,0.13699999451637268,0.24300000071525574,129.92300415039063,226973,4,0,never be the same,camila cabello,,226,3.78
0tBbt8CrmxbjRP0pueQky,0.72000002861022949,0.80699998140335083,11,-4.5900001525878906,0,4.3200001120567322E-2,0.1289999932050705,0,0.18299999833106995,0.30500000715255737,124.94599914550781,197993,4,0,wolves,selena gomez,,197,3.30
7AFASza1mXqntmGtbxXpr,0.66900002956390381,0.30799999833106995,11,-10.067999839782715,1,2.8999999165534973E-2,0.88300001621246338,0,9.8399996757507324E-2,0.51999998092651367,64.933998107910156,121887,4,0,changes,xxxtentacion,,121,2.03
0E9ZjEAyAwOXZ7wJC0PD3,0.6940000057220459,0.76999998092651367,6,-5.3350000381469727,1,0.14900000393390656,0.17599999904632568,1.1000000085914508E-5,0.11800000071525574,0.16300000250339508,125.90499877929688,184560,4,0,in my mind,dynoro,,184,3.08
1cS0TgbR263ey9jn0MwD2,0.74800002574920654,0.74900001287460327,8,-5.9159998893737793,0,0.51599997282028198,0.14200000464916229,0,7.1299999952316284E-2,0.6589999794960022,90.089996337890625,221013,4,1,river,eminem,(feat. ed sheeran),221,3.68
6KuqAtoeVzxAYOaMveLNp,0.79100000858306885,0.84799998998641968,1,-3.4560000896453857,1,5.0599999725818634E-2,0.18299999833106995,0,0.40900000929832458,0.82800000905990601,95,200480,4,0,dura,daddy yankee,,200,3.34
2xLMifQCjDGFmkHkpNLD9,0.83399999141693115,0.73000001907348633,8,-3.7139999866485596,1,0.22200000286102295,5.1299999468028545E-3,0,0.12399999797344208,0.44600000977516174,155.00799560546875,312820,4,0,sicko mode,travis scott,,312,5.21
1zB4vmk8tFRmM9UULNzbL,0.60500001907348633,0.82200002670288086,0,-4.8330001831054688,1,4.3800000101327896E-2,6.7099998705089092E-3,0.13400000333786011,0.14699999988079071,0.28799998760223389,167.99699401855469,187147,4,0,thunder,imagine dragons,,187,3.12
6jA8JUuPCGYjFcgw0AoM5,0.77700001001358032,0.77899998426437378,0,-4.4489998817443848,0,9.7199998795986176E-2,0.05429999902844429,0,0.63599997758865356,0.76800000667572021,94.023002624511719,221653,4,0,me niego,reik,,221,3.69
4kWO6O1BUXcZmaxitpVUw,0.74699997901916504,0.83399999141693115,3,-2.8670001029968262,0,4.5000001788139343E-2,0.37400001287460327,0,5.8600001037120819E-2,0.68699997663497925,128.0050048828125,215760,4,0,jackie chan,ti?sto,,215,3.60
3Vo4wInECJQuz9BIBMOu8,0.70399999618530273,0.85900002717971802,5,-4.8769998550415039,0,0.09960000216960907,1.8500000238418579E-2,0,2.1500000730156898E-2,0.92599999904632568,105.11499786376953,217289,4,1,finesse,bruno mars,(remix) [feat. cardi b],217,3.62
4hQ6UGyWQIGJmHSo0J88J,0.60100001096725464,0.72399997711181641,6,-4.8559999465942383,1,4.8599999397993088E-2,9.4499997794628143E-2,1.6799999684735667E-6,0.11999999731779099,0.50800001621246338,102.06099700927734,207905,4,0,back to you - from 13 reasons why ? season 2 soundtrack,selena gomez,,207,3.47
52okn5MNA47tk87PeZJLE,0.65600001811981201,0.72100001573562622,5,-5.6649999618530273,0,0.12200000137090683,0.29800000786781311,0,0.17299999296665192,0.46799999475479126,148.06599426269531,212120,4,0,let you down,nf,,212,3.54
1gm616Plq4ScqNi7TVkZ5,0.48899999260902405,0.59799998998641968,1,-4.9289999008178711,1,3.5999998450279236E-2,0.21799999475479126,0,0.34999999403953552,0.17200000584125519,134.04499816894531,228373,3,0,call out my name,the weeknd,,228,3.81
7sO5G9EABYOXQKNPNiE9N,0.87999999523162842,0.42800000309944153,9,-8.2799997329711914,1,0.20600000023841858,0.14900000393390656,5.070000042906031E-5,0.11400000005960464,0.33300000429153442,100.00700378417969,172800,4,1,ric flair drip,offset,(& metro boomin),172,2.88
2dpaYNEQHiRxtZbfNsse9,0.68699997663497925,0.79199999570846558,5,-2.749000072479248,1,4.5200001448392868E-2,0.19099999964237213,0,0.16699999570846558,0.67100000381469727,100.01499938964844,214290,4,0,happier,marshmello,,214,3.57
1mXVgsBdtIVeCLJnSnmtd,0.69800001382827759,0.375,5,-8.2790002822875977,1,4.9100000411272049E-2,0.65200001001358032,0,0.17299999296665192,0.5339999794960022,91.919998168945313,201000,4,0,too good at goodbyes,sam smith,,201,3.35
10Igtw8bSDyyFs7KIsKng,0.75499999523162842,0.59899997711181641,8,-5.0419998168945313,1,0.22400000691413879,0.14699999988079071,0,0.10899999737739563,0.75499999523162842,133.12300109863281,216632,4,1,freaky friday,lil dicky,(feat. chris brown),216,3.61
0pqnGHJpmpxLKifKRmU6W,0.77600002288818359,0.77999997138977051,10,-4.374000072479248,0,0.12800000607967377,6.2199998646974564E-2,0,8.1000000238418579E-2,0.66600000858306885,124.94899749755859,204347,4,0,believer,imagine dragons,,204,3.41
2E124GmJRnBJuXbTb4cPU,0.9309999942779541,0.38699999451637268,1,-9.1269998550415039,1,0.41200000047683716,8.7999999523162842E-2,0,0.13600000739097595,0.37599998712539673,125.97799682617188,179405,4,1,fefe,6ix9ine,(feat. nicki minaj & murda beatz),179,2.99
3KLygy1YWhmrQx0GRs7IO,0.68699997663497925,0.7850000262260437,1,-4.6500000953674316,1,3.3300001174211502E-2,0.32699999213218689,0,0.20299999415874481,0.65499997138977051,106.04599761962891,194408,4,0,rise,jonas blue,,194,3.24
7K7MUBCnzgBAvMVW2RTWN,0.75199997425079346,0.76399999856948853,1,-4.3990001678466797,1,3.7999998778104782E-2,4.7600001096725464E-2,9.4399998488370329E-5,0.05429999902844429,0.5820000171661377,121.95800018310547,163216,4,1,body,loud luxury,(feat. brando),163,2.72
7GX5flRQZVHRAGd6B4TmD,0.73199999332427979,0.75,11,-6.3660001754760742,0,0.23100000619888306,2.6400000788271427E-3,0,0.10899999737739563,0.40099999308586121,155.09599304199219,182707,4,0,xo tour llif3,lil uzi vert,,182,3.05
2ijef6ni2amuunRoKTlgw,0.79100000858306885,0.74500000476837158,11,-3.6949999332427979,0,4.6399999409914017E-2,0.35400000214576721,2.9299999368959107E-5,0.10400000214576721,0.81999999284744263,94.013999938964844,188560,4,0,sin pijama,becky g,,188,3.14
2BgEsaKNfHUdlh97KmvFy,0.69700002670288086,0.68300002813339233,1,-2.8810000419616699,0,0.11699999868869781,3.7200000137090683E-2,0,0.13699999451637268,0.6029999852180481,96.133003234863281,186987,4,0,2002,anne-marie,,186,3.12
0TlLq3lA83rQOYtrqBqSc,0.91200000047683716,0.41200000047683716,7,-8.074000358581543,1,0.12399999797344208,0.01640000008046627,1.3000000268220901E-2,0.10400000214576721,0.42199999094009399,154.98300170898438,238614,4,0,nonstop,drake,,238,3.98
7AQim7LbvFVZJE3O8TYgf,0.79699999094009399,0.53299999237060547,0,-9.7399997711181641,0,4.1200000792741776E-2,1.7200000584125519E-2,1.5199999324977398E-4,0.10300000011920929,0.32899999618530273,131.03599548339844,146520,4,1,fuck love,xxxtentacion,(feat. trippie redd),146,2.44
2QZ7WLBE8h2y1Y5Fb8RYb,0.62199997901916504,0.71200001239776611,5,-7.3210000991821289,1,6.5999999642372131E-2,5.7300001382827759E-2,0,0.12999999523162842,0.4869999885559082,140.02499389648438,211360,4,0,in my blood,shawn mendes,,211,3.52
7vGuf3Y35N4wmASOKLUVV,0.51999998092651367,0.76099997758865356,4,-3.0929999351501465,1,0.08529999852180481,0.25600001215934753,4.9599998419580515E-6,0.17000000178813934,0.28600001335144043,141.97099304199219,180823,4,0,silence,marshmello,,180,3.01
5OCJzvD7sykQEKHH7qAC3,0.60199999809265137,0.65799999237060547,1,-5.9340000152587891,1,5.5799998342990875E-2,2.3299999535083771E-2,5.999999848427251E-5,0.2370000034570694,0.26800000667572021,145.031005859375,197547,4,0,god is a woman,ariana grande,,197,3.29
1j6xOGusnyXq3l6IryKF3,0.6809999942779541,0.78799998760223389,1,-4.3229999542236328,1,0.07850000262260437,4.8200000077486038E-2,0,7.5300000607967377E-2,0.83899998664855957,170.01899719238281,220117,4,1,d?jala que vuelva,piso 21,(feat. manuel turizo),220,3.67
66BjcDhhwWCcQIBxHMpKX,0.63099998235702515,0.64899998903274536,5,-5.8920001983642578,0,3.8499999791383743E-2,8.1699997186660767E-2,3.8000000586180249E-6,9.3400001525878906E-2,0.42100000381469727,93.949996948242188,194680,4,0,flames,david guetta,,194,3.24
0WdGQhoAP2LBsqr5Jhit2,0.79900002479553223,0.59700000286102295,5,-5.1310000419616699,0,6.1099998652935028E-2,7.8800000250339508E-2,5.6600001698825508E-6,0.10000000149011612,0.41899999976158142,110.00099945068359,199849,4,0,what lovers do,maroon 5,,199,3.33
4w8niZpiMy6qz1mntFA5u,0.8410000205039978,0.79799997806549072,1,-4.2059998512268066,0,0.22900000214576721,0.15299999713897705,3.3300000268354779E-6,6.1799999326467514E-2,0.5910000205039978,95.947998046875,212500,4,1,taki taki,dj snake,(with selena gomez, ozuna & cardi b),212,3.54
5Gu0PDLN4YJeW75PpBSg9,0.66299998760223389,0.70800000429153442,8,-4.1539998054504395,1,4.7299999743700027E-2,3.3700000494718552E-2,0,8.4100000560283661E-2,0.74199998378753662,103.072998046875,174800,4,1,let me go,hailee steinfeld,(with alesso, florida georgia line & watt),174,2.91
6QgjcU0zLnzq5OrUoSZ3O,0.80099999904632568,0.79500001668930054,1,-5.1149997711181641,0,5.0400000065565109E-2,4.1700001806020737E-2,1.1300000187475234E-4,7.1699999272823334E-2,0.75400000810623169,79.027999877929688,163253,4,0,feel it still,portugal. the man,,163,2.72
77UjLW8j5UAGAGVGhR5oU,0.73500001430511475,0.67699998617172241,2,-4.9790000915527344,1,9.3000002205371857E-2,7.6200000941753387E-2,2.1699999706470408E-5,0.11100000143051147,0.18799999356269836,100.58399963378906,211440,4,1,pray for me,the weeknd,(with kendrick lamar),211,3.52
6n4U3TlzUGhdSFbUUhTvL,0.9089999794960022,0.62800002098083496,2,-5.4559998512268066,1,0.20100000500679016,7.3899999260902405E-2,0,0.1080000028014183,0.40599998831748962,145.90499877929688,276147,4,0,walk it talk it,migos,,276,4.60
5k38wzpLb15YgncyWdTZE,0.58899998664855957,0.73100000619888306,2,-6.3429999351501465,1,8.6800001561641693E-2,5.3399998694658279E-2,0,0.30799999833106995,0.19099999964237213,87.907997131347656,268867,4,1,him & i,g-eazy,(with halsey),268,4.48
32lItqlMi4LBhb4k0BaSa,0.67000001668930054,0.65399998426437378,4,-5.9439997673034668,1,0.15299999713897705,0.62699997425079346,1.0200000133409048E-6,7.1000002324581146E-2,0.43799999356269836,180.02400207519531,227533,4,0,candy paint,post malone,,227,3.79
3a1lNhkSLSkpJE4MSHpDu,0.62999999523162842,0.80400002002716064,6,-4.1830000877380371,1,3.6299999803304672E-2,0.21500000357627869,0,0.25299999117851257,0.49200001358985901,123.14600372314453,220293,4,0,congratulations,post malone,,220,3.67
4QtiVmuA88tPQiCOHZuQ5,0.79199999570846558,0.89499998092651367,1,-3.1119999885559082,0,5.8899998664855957E-2,0.16500000655651093,0,5.0099998712539673E-2,0.79400002956390381,94.968002319335938,201526,4,1,1, 2, 3,sofia reyes,(feat. jason derulo & de la ghetto),201,3.36
6Za3190Sbw39BBC77WSS1,0.81400001049041748,0.81300002336502075,2,-3.0230000019073486,0,5.6099999696016312E-2,2.9999999329447746E-2,9.3299997388385236E-5,0.25499999523162842,0.83899998664855957,79.997001647949219,232550,4,0,criminal,natti natasha,,232,3.88
1ZAyjvIk9YiD76yYy0TEG,0.87599998712539673,0.51899999380111694,11,-6.5310001373291016,1,0.14300000667572021,0.20200000703334808,0,0.1080000028014183,0.15800000727176666,94.981002807617188,175230,4,0,plug walk,rich the kid,,175,2.92
0u2P5u6lvoDfwTYjAADbn,0.35100001096725464,0.29600000381469727,4,-10.109000205993652,0,3.3300001174211502E-2,0.93400001525878906,0,9.4999998807907104E-2,0.11999999731779099,115.28399658203125,200186,4,1,lovely,billie eilish,(with khalid),200,3.34
2UVbBKQOdFAekPTRsnkzc,0.81499999761581421,0.81599998474121094,2,-5.4739999771118164,1,0.26899999380111694,2.9899999499320984E-3,0,0.15899999439716339,0.49799999594688416,181.96699523925781,190288,4,0,stir fry,migos,,190,3.17
7KXjTSCq5nL1LoYtL7XAw,0.90799999237060547,0.62099999189376831,1,-6.6380000114440918,0,0.10199999809265137,2.8199999360367656E-4,5.3899999329587445E-5,9.5799997448921204E-2,0.42100000381469727,150.01100158691406,177000,4,0,humble.,kendrick lamar,,177,2.95
48zFZh27QU5qsrBjn4C2F,0.75400000810623169,0.80500000715255737,6,-4.249000072479248,1,7.5199998915195465E-2,0.31499999761581421,0,0.20299999415874481,0.55500000715255737,93.983001708984375,176133,4,0,vaina loca,ozuna,,176,2.94
1bhUWB0zJMIKr9yVPrkEu,0.58700001239776611,0.29899999499320984,8,-7.3649997711181641,1,0.02630000002682209,0.77899998426437378,0,0.12300000339746475,0.35600000619888306,94.991996765136719,259550,3,1,perfect duet,ed sheeran,(ed sheeran & beyonc?),259,4.33
5cepAtqnEQ6yVG6088zMM,0.72200000286102295,0.73799997568130493,9,-6.0729999542236328,0,0.24699999392032623,0.32800000905990601,1.4700000065204222E-5,0.19799999892711639,0.74800002574920654,198.07499694824219,184720,4,1,coraz?n,maluma,(feat. nego do borel),184,3.08
5Z3GHaZ6ec9bsiI5Benrb,0.79799997806549072,0.53899997472763062,1,-6.3509998321533203,1,4.2100001126527786E-2,0.19900000095367432,1.6600000890321098E-5,0.16500000655651093,0.39399999380111694,136.94900512695313,202547,4,0,young dumb & broke,khalid,,202,3.38
5Y9fnynLlIvqtM710MHzf,0.85500001907348633,0.66399997472763062,9,-7.1100001335144043,0,6.0699999332427979E-2,0.16500000655651093,3.9700000343145803E-5,9.3699999153614044E-2,0.62599998712539673,98.014999389648438,226800,4,0,s?guelo bailando,ozuna,,226,3.78
3Ga6eKrUFf12ouh9Yw3v2,0.77499997615814209,0.67900002002716064,4,-4.9850001335144043,0,0.13500000536441803,0.18000000715255737,7.2599999839439988E-5,6.8000003695487976E-2,0.61900001764297485,166.00799560546875,193456,4,0,downtown,anitta,,193,3.22
3xcCix7Jv1Rp90YVmgo35,0.9089999794960022,0.49300000071525574,3,-6.6880002021789551,1,7.3499999940395355E-2,0.12800000607967377,1.4699999883305281E-4,0.12700000405311584,0.84399998188018799,94.015998840332031,197120,4,0,bella,wolfine,,197,3.29
5N5k9nd479b1xpDZ4usjr,0.78100001811981201,0.76800000667572021,11,-5.9910001754760742,1,3.9400000125169754E-2,1.1900000274181366E-2,4.9099999159807339E-6,0.32499998807907104,0.48600000143051147,123.06999969482422,213309,4,1,promises,calvin harris,(with sam smith),213,3.56
6vN77lE9LK6HP2DewaN6H,0.96399998664855957,0.34599998593330383,5,-9.3090000152587891,0,0.52999997138977051,3.5000000149011612E-2,0,0.1080000028014183,0.56199997663497925,119.95800018310547,142273,4,0,yes indeed,lil baby,,142,2.37
2P91MQbaiQOfbiz9VqhqK,0.75199997425079346,0.50499999523162842,9,-7.620999813079834,1,0.25299999117851257,0.5350000262260437,2.550000090195681E-6,0.10400000214576721,0.41899999976158142,91.970001220703125,197437,4,0,i like me better,lauv,,197,3.29
2xGjteMU3E1tkEPVFBO08,0.28400000929832458,0.70399999618530273,2,-7.2760000228881836,1,0.18600000441074371,5.8300001546740532E-3,1.1500000255182385E-4,4.2399998754262924E-2,0.10000000149011612,191.70199584960938,234707,4,0,this is me,keala settle,,234,3.91
3GVkPk8mqxz0itaAriG1L,0.73400002717971802,0.56999999284744263,7,-7.0659999847412109,0,0.13300000131130219,0.84700000286102295,2.13999992411118E-5,0.1120000034570694,0.68900001049041748,129.9530029296875,95467,4,0,everybody dies in their nightmares,xxxtentacion,,95,1.59
630sXRhIcfwr2e4RdNtjK,0.68400001525878906,0.61900001764297485,10,-7.005000114440918,1,3.8600001484155655E-2,7.1599997580051422E-2,0,0.12200000137090683,0.28400000929832458,125.04599761962891,217440,4,0,rewrite the stars,zac efron,,217,3.62
2xmrfQpmS2iJExTlklLoA,0.6380000114440918,0.65799999237060547,3,-6.3179998397827148,1,4.5600000768899918E-2,0.24500000476837158,3.769999921132694E-6,9.1899998486042023E-2,0.33000001311302185,105.07599639892578,205748,4,1,i miss you,clean bandit,(feat. julia michaels),205,3.43
5WvAo7DNuPRmk4APhdPzi,0.55199998617172241,0.75999999046325684,0,-4.7059998512268066,1,0.34200000762939453,7.3299996554851532E-2,0,8.6499996483325958E-2,0.63899999856948853,135.70199584960938,260000,5,0,no brainer,dj khaled,,260,4.33
1j4kHkkpqZRBwE0A4CN4Y,0.25799998641014099,0.43700000643730164,11,-6.5929999351501465,0,3.9000000804662704E-2,0.10100000351667404,1.2699999842880061E-6,0.10599999874830246,9.6699997782707214E-2,180.04299926757813,239000,4,0,dusk till dawn - radio edit,zayn,,239,3.98
3EPXxR3ImUwfayaurPi3c,0.55299997329711914,0.58600002527236938,11,-6.3189997673034668,1,3.6200001835823059E-2,0.69700002670288086,0,8.1299997866153717E-2,0.44299998879432678,126.68399810791016,196373,4,0,be alright,dean lewis,,196,3.27
